                                                                                                                                                                                                                                                                
                                                                                                                                                                                                                                                                
                                                                                                                                                                                                                                                                
                                                                                                                                                                                                                                                                
                                                                                                                                                                                                                                                                
                                                                                                                                                                                                                                                                
                                                                                                                                                                                                                                                                
                                                                                                                                                                                                                                                                
                                                                                                                                                                                                                                                                
                                                                                                                                                                                                                                                                
                                                                                                                                                                                                                                                                
                                                                                                                                                                                                                                                                
                                                                                                                                                                                                                                                                
                                                                                                                                                                                                                                                                
                                                                                                                                                                                                                                                                
                                                                                                                                                                                                                                                                
                                                                                                                                                                                                                                                                
                                                                                                                                                                                                                                                                
                                                                                                                                                                                                                                                                
                                                                                                                                                                                                                                                                
                                                                                                4 3                                                                                                                                                             
                                                                                                                                                                                                                                                                
                                                                                                                                                                                                                                                                
                                                                                                                                                                                                                                                                
                                                                                                                                                                                                                                                                
                                                                                                                                                                                                                                                                
                                                                                                                             3            3               3       3                                                                                             
                                                                                                                                                     2        33               3  3                                                                             
                                                                                         3                                    1 1                      3          3                                                                                             
                                                                                                                3             1 1     3            43       4            3                                                                                      
                                                                                                                           3   1                              3     4                                                                                           
                                                                                                                              111    43  3                3 34        3                                                                                         
                                                                                                                  43        1111111      4      3    3       3 42 2        3          3                                                                         
                                                                                                             3                111  4  24       3    22  4      3  2 33          3   3 3                                                                         
                                                                                                          3       2          4121     24          2 42     33             3  3                       3                                                          
                                                                     2                 3                  4    4 4           4 2    2 22          4   2  3  2   3      2     3 3                                                                                
                                                                                                            2      34       4 2 3   3   4   2   2 4 4 3 3 4 4 2        2 32 4  3  222  3      3                                                                 
                                                                                                             4     4        32      3 3  3 33  3       42  2   4        2   2 3  2        2 3                                                                   
                                                                                                        3 322       3    3                    3  3      3                     2  3                                                                              
                                                                                              3     3  34  23  4             4                          3       33 3      3     3     3           3                                                             
                                                                                             2      3   2 4 3 4       3   4   3                         33                         3 3   3 2   33                                                               
                                                                                                     3 222 3  4                    3                                 3                2          3                                                              
                                                                                                     3 2 3                                                      3                                3                                                              
                                                                                              4 23     2 4           3                                                                                                                                          
                                                                                             3 3    3   4 3             3            3  3                                                                3     3                                                
                                                             3                     3  2      3 3     23                     3                                               3              3     3        3                                                     
                                                       3                            3          3  3                  3                                               3           3       3     2 23                                                             
                                                     3   4                           3   3               3              3                                      3               3 3              2 3  4           3                                              
                                                                                  3        3  32          3   3                                                               3                  3  3                                                           
                                                                                           3                                                3                                       3  3             3                                                          
                                                                                     3          3        3                      3     3                                                       3     2  3 4          3                                           
                                                                                                                                                 3             3                               3       3                  3                                     
                                                                                 3   4  2 3                           3     3   3                                           3              3                                                                    
                                                                                         34 3   33      3                                3                                                          3   2                 33                                    
                                                                                3 3 3   2                                                 3                                                3                 3   3                                              
                                                       2                              4                                                                                                           3                3        4                                   
                                                                                     24 4      3                                                        2                                                  3   3          4     3                               
                                                                                  3               33                                            3                               3                              3  33           3                                
                                                          3                       3    4   3  33                                                                                                       3                   4                                    
                                            3                                   34 4 4    3    3                                           2                                                                 3        3 4  4                                    
                                                                              3  3244                                                                           2                                                   32                                          
                                                                               22 2 4                                                                                                                       3       222      2                                  
                                                                        3      32 4 4   3   3                                                                                                                         34           3                            
                                                                 3                          3   3                                      3                                                3                   3  3  2                                             
                                              3                                  3                                                 3                                                                                2    4                                      
                                                                         3     34      3                                                                                                                                                                        
                                                                 3      3        3                                                   3       3                                                                     33                                           
                                              3                           222  3                                                     3            3                                                                                                             
                                                    3               3      2 3  3   3      3                       3          3    3          3                                                                           3                                     
                                                                   3         3   3     3                                            3              3                                                                       2                                    
                                                                    3         2                                               3            3                                                                              3                                     
                                                                       32         3 3                               3      3            2                       3                                                                       33                      
                                                                       3 2  4                                                          2                                                                                                                        
                                                                          2  4                                   3         3    2                                         3                                                     2                               
                                                                        42 4                                 3     3                                                                                                                                            
                                                                        2 4 3   3                            3    3                                3     3                                                                     3                                
                                                                  442 3 34 3                              4   3    34                                              4  4            33                                             3                             
                                                                3    4 4        3  3 3                     2     3 2        33                  3       3         3 22         3     3             3                                                            
                                                                   2244 2                        3     3  32 4   4        3                      3                  4             3         3                3                                                  
                                                                   43     3                                       24 4   3                                                                 3                                                                    
                                                                   2 44                              3  4      2 33      4     3   3                        3                     33   3                                                                        
                                                            3    322  4      3                                 3    3          3  3      3         333              3                                                                                           
                                                              3 32223  2                           3   3        3            4      3 3         3  3     3         3             3                                                                              
                                                                  4242                3                             3        4     33        3   2               3   33             3                                                 3  3                      
                                                             3   342  33           3    3            33     3       3    2   3 43 3   2                                  3   3           3    3                                                                 
                                                            3      22       3  3                  3         23         4        3 3   32  3 3      33     3        3               3   2 4                         3                                            
                                                         3  3            3                          2              33 3         3    4 23432 42   4        4  3                            223    4                                   3                         
                                      3                         3   2 3          3            33   3                   2    3        4 3442 3443 2   3  4  2               3            3  4     222                            1 1 3 1                         
                                     3                                         3                    23      3   43   44  3     2 2    3 42  4  23 2 4 43    34  3            3                                                   11111                          
                                                                  3 2           111111       3               3   2444            42   3442    4 4  4   4   23 3 2         3              4 2                                    11 1 11 2                       
                                                              4                1    11   3                    4 4  32 3    33  4  2  3         2    43 4  4 4 3 4   33  3             3  442 3                                  11   11                         
                                                                       3        111114           3     3     3 244  242 4    2   2    2  4   4 4 3     3 2    2                3     3     3                                     1   1                          
                                         3                  2   42 3         3  111111                        444  4 34 3     3 4  3   3        3    3   223332    2        3              4                                     11111                          
                                                                  4 3    3      111111                   4  3  4243   2 223     3    3          3    43    3 4  4424               3      4      3                                 1               3            
                                3   4                    3      2 3   3                3   333     3    3 3  332  2432 44                                    3  4  2  4 3  4      3                                                                             
                                                                  2                                     4443 3 24444  3   3         3       3     3 3            44 3  43 2  3 3  3 313 1                                                                       
                                       2                          4   3                            33   32       23              3 3     3             3           324 3    4        1 1                                                                        
                                       4                    3     43                     2           33 4224444      3  3                                3     3   44  24   3        1 1311   2                                           3         3           
                                33               3       3        2 33                     3         223222 34 3343    33   3       2            3          3        4     442   3   111111                                                                     
                                                              4            3      3           3     333334  4 3      3 3    3       2             3                 3 22 2  232     11111           3                                                           
                                                        2      32                          3   3   3  4 2 334                     23   3    4              3    4      2     242 4  31111          2   3                                                        
                                                          3     444             3     3 3     4 4   43 324  23 3 4   3                     2 4    3                  3 3 3       2       3                                                                      
                                               3       3       23     33                2  3       4 34 4424 3  3    3  3                              3                  4 3     3         3                                                                   
                                       3                          3  3               3   3 4   2   42242 34 4       3 3              3                            33      34  2    33                 2      3                                                  
                                                     3          24                           3 2    442 32  34  3 3     3    3                               3         3 3 3  4 2   2                                                                           
                                          3                 3  2                 3     3        4 432 4 4334         4  2     3                                         3      3       4   3                                                                    
                                                        4       3  3                   3  3 3   22 3  4 3          32  4 3                    3          3       3        2  3444  4 3                 3                                   3                    
                                     3                             3        3        3    3   2 4  2 4224442 3  2  2     3        4 3                    4                 3   22 44                   2                             111                        
                                        3            3         2              3        3  3 2  424342242 444 4 33243 33   3              34   3        3   3    3    3        3  4 2  22  3           32  4 3                       11111                       
                                                            4                      3       42 34 2 4242424 24 223 23   2 3  32    43     3             3        3  3         3   3 43     3   3        4                            1 1 1                       
                                    3                     4   3                              3322443   2424434 242 434432  344 2 4  2 4    2                   3  3          344 22    4 2                                          1 1 1                       
                                      3           1         33 3 3               3      3     32 3 4423  2     3  2433 432  4  3 22  2  3 3  3                  4 3              2  3       3                                       1 1 1                       
                                                  1              3         3          2   3 3  2 43   3424 332          4         2 24 44                  442       3            44   3 3           3                              1 1 1                       
                                 4             31 1 1        3 4               3    32 4  3     4 3  4424   34          34    32 42  4  22 3  2            4        3                3 4 3                                            1                         
                                         3      1 1 1      3   3                          3       4   2324 43     3  3   3 4 24        4     2                             3        44  2  3      3                                 3                           
                                                11111         4  23 3                    4   442423  22 3  33    2 3 3  3   2 3 2   3 3 2  2                               3         322 4         3     3            4   4                                     
                                                11 11       44423      3      3          3 4  2 24  222       4  3 2 3234  2     3      4  3  3    4                                3 44 2     3                                   3                            
                                                11111     3   42                     3       2  244  34   3     3       3           4 4 4        33                                 444244                4             2          3                            
                                     3                      344 2                          4 2 2  4 242   4 33   2   3    433233           3 3  2  3        3                        32 433 3                                                                   
                                                           23 4 43                     2    4 43 2   3223  3    3    4    3  4       3    2  44 2     3                    3          24       3                                                                
                                   3                3                                      3   34424 2  434             3 3 33  3    4 3  3  4 3    3             3       3         3  2                   3                                                    
                                         3                  2                          3 3    3 4424   3    33       3223    33 33       2  3  323 3                                3   4  2                       3                                            
                                                            3                                      2 4  3      3 3   4 3243  3 3   3 4   3  3 23 2 4              3                   34442  333             3                                                  
                                                            2     3                    3      4  2442 4 4     33       3 3 3 2     3       34344    4                  4         3       3224                                                                   
                                        4             3                     3                     4   3 443 44  3      2    23   4  33    3 32  4         3                      3    32  2 4  3                                                                
                                          3                322  3                  3           3   4  43 3 3     33  3 3 3 3   221334               4  3  33              3         4   4 2                                                                     
                                   3                          3  33  3                        3  3   42     2  4     333 3 34312 22     3    4  3 44 22           3       3           33  4 4      3                                                            
                                       3          3            3                 3         3         3  33          3  3  33 144214 3 3      4 2 43   3 4        3  3   44  3      3     4   2     3                3                                           
                                          3                   43             3        3            2 4  4 244 3 2  32     3421 4 343 3 24    33 43  44 3    3           42   3    3    3       4                                                                
                                                    3           4                                  3 2  22    3  3  3   424344444442   23    3     2422    3             2  3           3 2  4 2 3                 3                                            
                                    3                 3         23         3        3               32     2  23    3 33  2    24 1        3   3   23  4    3  33   3     3 3  3     3   3  3 44                                                                
                                             3             3 3 22 4      3               4   3           2   3        3  432334213 43      3 33        3        3                        4  3       3                                                           
                                  3       3  3                  2    33       3   3              3         4  3 42     3   3443 2333 3     3  3    43  4  4                       3         3 4                3    4                                           
                                                      33          2                                  34 2  24   2  3   3    4 34  343333  3      4   3     44            2      3                               24  42                                          
                                        3      3            42 2      2                  3    3      3    4   2            3 43 4 43  32         4    2  4    3                          4   4   3             4  4 4                                           
                                                           42     3     333            33         3           3224  3 2 4      4 3 33  2        3  43 42   3  33                           2     2                  4                                           
                                    3                        2 2 2               3                  33  33  42    4      3     3 3     2 343     3   3 2 33  4 2       3            3  3     4             3          4             3                           
                                     3   3              3     2           333               3         3     2    4    3     3    3        3  3    33     343    3         33              4   3                 3                                               
                                  3     4   2                  224                                         2    3  3    34   2 3    2 3   43    3  3 3   3   2 23    3                    4  44                                                                 
                                     4                  3      4244       3                           3 3     4   34       3  4   3   3                  23 24                         3   343                                                                  
                                                              3 22  3  2                         3     3    2 2   2424423      3 4 33     3     333   3     2 2 3  3            3              2   3                                                            
                                                                 2    4   3                   4       3 3  3  4 2  3 23  3 3 3  3  4  3         343 3 33 4 2 2 2  4  3           3    3       3    3                 3                                          
                                                       3  3     3   34       3                      3       3      3 43 3 3     4       3  333  43       4 4  43   34343     3             22 4                                                                 
                                                      3            2  4 323      3    3         23    3        23              3 32 333   4 234      24 4224 3 4 23                           33                  3                                             
                                                            3    3 2      4                    32  4        3   32  2 3    32 3           2  2  3   3  424  442       3 3                   2242      3                                                         
                                      3                            2           3               33      3     3  3     2 2  4442444333  22   3  344   3232424322  4 34 3                3  3  42                                                2                
                                                           3       4   43      3 3  3            23 3             333  3434    22  4   2 44   3    23  4  224  4324  3  2    3       3   3 2       3                                                            
                                                                3  4 4            3              23   2            4 44     33  42  4  34  4   3  34   423 2  242243    2            33 3     4                                                                 
                                                                        2 24 3                      22                   2        23 232433 3 2   43 4 323  22 243  4 3 2 3               3    4 4 4                                                            
                                                   3                3    24      3 3                  4  3         3           2   224  44  24  4 2   2 44 2 32 4 2342                     3  2    3 3                                                          
                                            3  2                 3     4  2 24   3      3      3                             2    232   44  23 3 2 333 3 23 3 4422 34  2                    4 4                                                                 
                                                               3    3  33 42      3  3                                 3      3   4   244 2   4 232 43 42 2 424233 3332    3     3         233    34                                                            
                                   3                               3    3 2  44  3                                   33   3  43  3    2 23  23 2 42  3 3 23  3342432  23 2     33        4  2 2                                                                 
                                          4                                44         3  3                        2    3           33      3   3 2    4 3  4   4  3      2 3          3    4 4 1 1                                                              
                                         42         2       3      33      3 44     4                              3 3            3   223  2    32 33 3242  242 4     23 2    3          3  4 111                                                               
                                          4 4    3                  2    2 3  4 3 3                  4                              3   32   4   323  3 34422  3 3 3   42 3  3  3      33  4411 11                                                              
                                                      3          3       3      4 22 3          3      3               3     3                 3    3   3   23         3                 3  423 111                                                             
                                                  4     4               3        4224     3     3 3       3              333          3        4     23   4 3 33  3    3 333   3111       42231331                                                              
                                                       22                    3 3   234   33            3           3  3       3               3     4  2 4 44433    3     4   11 1   3  34422 3                                                                 
                                                      4 22          4 223 33      32  2                                    3   3    3   3 3      2  4  44  4                1111 1     33  2 3  3                  3                                            
      3                                               444   3  3      2  3 3      343 2          3                3          4    3                 22  22    34              11 3       3 423               23                                                 
                                                                            33     4 424  3    3                                           34 2    2 2442 3           2         111   3   4 3 3    3                                                            
                                                                              3 2    234       23                3                     3   3   4 432 3  34      3        3         33  3                                                                        
                                                               3                 3    4 2    3    3        3   3                3           42  42442  44      33                               3                                                               
                                                                        3      3  3 3  43   3     33  3     3          3   33 3           4     3  43    3    3         3                33                                                                     
                                                             3              3     3  3 23     3 34    3              3           4    3 44  2 32   4 333     4 2      3 3      33 3      3                    34                                                
                                                                   3                  3 343   4               2 4     3   3         3  44 4         3 4     3                       2 244  4                3 244                                               
                                                                              33     3   244   42 2 3  33                 3           4 44         3      2                          4  3 3              3     44                                               
                                                                                       32 23  42144 2  24       3    3       3 4   4 3  2  2     4 3              3               3  2 34    3                  4                                               
                                                          3  3                3        34422 21142 2    4   3 3       333    24   24     4  4           4  3   33      33        3        3                 3                                                   
                                                                     3                  3  441 11 424        3     33       42  2   4           3  33     3    3  3     3     33 42  3  3     33 3            4                                                 
                              3                          3                        3    34 1131 3   23  4 2 4 2   42   3 2422 34  2234    4    3    4          3     3       3   3     2   34  4                                                                 
                                                       3    2           33            3   111124  3      2 42    332 2 4 224243 244   3  3        242                        3           2 32                                                                   
                                                                                          31111   322 43444   2 4 2  3 3 4 222 23 44      4               3    3     3            32    3                       3 3                                             
                                                                   3        3               111                4    4332 43244 3      3      3         3 3  3             3     3 2  3 3                      3                                                 
                                                                                                3 4      3  2     3    44      3          22        4   3                        3  4 3                    3                                                    
                                                          3                  3            3                    3     3    4 3           3234       4         3                   2 222    3              33                                                     
                                                                      3               3 3                         33      233             3  2   3     333        3         3   4322222   3   3           3                                                     
                                                                   44                3               3    3     4 33    3    3     3    3    44        3  2 4  3          3    3422       3   3                                                                 
                      3                                           2423                                         3       3                     3  4            3                      3 2              3    3                                                     
                                                                   22              3                       3   3 3                         4             2                         3          3            22                                                   
                                                                     3         3       3            3           3         33             3              2                  3     3      3                              3                                        
                                 3                                             44     3                                      3                                        3   3      3 23              3         4                                                  
                                                                   3          3 24         3     3            4      3                   3                3 33   3        3   3    3                                4 24                                        
                                                                                  3 34                           3                 3     3        4     3                     2                                      22                                         
                                                                                  22      3                            4 3   3   3     3             3                  3  3 4  3 3   3             3      2                                                    
                                             3                               3     4 4                                                     33 3  1               3    3   424 4 3      3   3 3            22                                                    
                                                                                   3 3                         23             4               3111111 4     3     3        22 3     3                       4                                                   
                                                                              3                              2        3       3 3     33    3   111 3                    4                                                                                      
                                   3       3                               3                                               34              4 3  111 4                 333 4  4 3                                                                                
                                                    1                                                3   34  4 3               3          3  2 4111                    3   244                                                                                  
                                                   3  1 1 3                                                2        3      3                   41 3         3  3  3     32 4     3          3                                                                   
                                                  311 11      3                                                   3                            41 1            3   3       23  3                                                                                
                                                  111 111            3                                                                  3         4                        2   3 3                             4                                                
                               3       2            1 1        3                                        3                                  3                    2            3                       2                                                          
                                        3                                        3                                      3    3              4            3   4 22     4  32                         4444   4                                                    
                                      3 4                         3                                                             3                      3    3      3   2   2            3             24      4                                                 
                                          2                3                                   3            3                     4  2     3  3      3       4   3 2     3                          44                                                          
                               3          2        3                                  3                                     3  2           3        3      4  3442   4424 3                   3                                                                 
                                  3            3    3     3      3                            3                                  34         3            2  4    3                                 2                                                            
                                           3          3    3    3      3                            3                 3   3   2      44  3           3 3 22      4  4        3                   3  4                                                           
                                               24 4    3                                                                 3      44 22    2 3      33     23    44                 3                                                                             
                                                    3 3                                                               3            22 3 3                2  3  34324     3 3                                                                                    
                                     3           3 3  43                                    3                              3                          4      2                                                                                                  
                                                  242                                                4 3      4   4     3      3  4 3             244  4 43  43   3                                                                                             
                                            343 3 24 4    4 3            3                                     224  3        3             3    4 2            3                                                                                                
                                                    34 2  2 2          3                                4   4222          3 3   3        3  32     4                    3                                                                                       
                                              3    34    4  2 233                   3             3       4                             3    4   4 4      3   4                       2                                                                         
                                                     4 4         3        3   3          3                                         3      3  2 3 3            4      33               2                                                                         
                                                                3    4 33   3                      3                         3       3     43 4     3  3        3                    4                                                                          
                                                        3     4       43      3    3              3    3         3                    4 3 4 3              34                                                                                                   
                                                              4     242  3                    3               3                   3   2    2 4   3  3                                                                                                           
                                                              2     3       2 2  3                              3          3   3  43   2        3       3         2             4  3                                                                            
                                                        3 3  3              2 44      3                3          3        4  22                     3   22        4                                                                                            
                                                             32       22                             33         3            3     43   2 4    3      3          4  3        3  24244                                                                           
                                                              4  4    4   3 44   2             3           3       3   444  4 2  2                 3                           4   4                                                                            
                                                                  3      3     32           4                 332 4   242 33  2        3     33                               3                                                                                 
                                                                  33  3 3        2  32         3    24 3 3        3    32 3      3      3  3                     3                4                                                                             
        1            3                                 3           3    34           2  2       4 22444       22        2                      3                                                                                                                
        1                                                 3          2        3  3 44 2       4  3  224      3  23   42  33   3                         3              3                                                                                        
        1                  3                                              3          4  4  33  32       3    44          32  3                                        3                                                                                         
        1                                                                 3 3    4      3       3      3        3               442 3                       3                                                                                                   
        1                                                                    3    3           4        3  3                         4                                           4                                                                               
        1                                                                       3  3      3         3        23         3      4                                                       2                                                                        
        1                                                                        3                3       3        43             3                                  3        3      3                                                                          
        1                                                                                3 3   3 3                3                                                          2                                                                                  
        1                                                                                    3  3  3        3               3                                                4                                                                                  
        1               3     3           22                                                                      3      3                                                                                                                                      
        1                                                                                    3         3           3 3 3                                          2             3                                                                               
        1                                  4                                                                           3                                                        3                                                                               
        1                                                                                                                                                                                                                                         1111111       
        1                                    3                                                                                                                      3                                                                             1     1       
   111  1                                                                                                                                                                                                                                         1 1   1       
   111  1                                                                                                                              4                                                                                                    1 1   1 1 1 1  11   
 11111  1                                                                                                                                                                                                                                   1 1   1  11 1  1    
 111    1                                                                            3                      3            3                                                                                                          1   1   1 1   1     1  1 1  
 111    1                                                                                                          3    3                                                                                                           11  11  1111  1111111   111 
                                                                                                                              4                                                                                                                                 
                                                                                                             3      3                     3                                                                                                                     
                                                                                                         2                   3                                                                                                                                  
                                                                                       3               32                   34                                                                                                                                  
                                                                           3                                   2                                                                                                                                                
                                                                                                                                   3                                                                                                                            
                                                                          3                                                                                                                                                                                     
                                                                                    2                                                                                                                                                                           
                                                                                          4                                                                                                                                                                     
                                                                                                                                                                                                                                                                
                                                                                                                                                                                                                                                                
                                                                             3         3                              2                                                                                                                                         
                                                                                                                     4                                                                                                                                          
                                                                                                                                                                                                                                                                
                                                                                                                                                                                                                                                                
                                                                                                                                                                                                                                                                
                                                                                                                                                                                                                                                                
                                                                                                                                                                                                                                                                
                                                                                                                                                                                                                                                                
